0.579710 0.057971 0.318841 0.043478
0.231884 0.463768 0.072464 0.231884
0.159420 0.782609 0.057971 0.000000
0.188406 0.376812 0.130435 0.304348
0.000000 0.942029 0.057971 0.000000
0.043478 0.956522 0.000000 0.000000
0.057971 0.579710 0.000000 0.362319
0.231884 0.000000 0.768116 0.000000
0.000000 0.666667 0.144928 0.188406
0.115942 0.086957 0.202899 0.594203
0.000000 0.000000 1.000000 0.000000
0.275362 0.159420 0.130435 0.434783
0.028986 0.043478 0.739130 0.188406
0.333333 0.362319 0.086957 0.217391