0.173913 0.565217 0.021739 0.239130
0.239130 0.489130 0.217391 0.054348
0.163043 0.130435 0.163043 0.543478
0.043478 0.956522 0.000000 0.000000
0.184783 0.815217 0.000000 0.000000
0.130435 0.282609 0.000000 0.586957
0.000000 0.000000 1.000000 0.000000
0.000000 0.978261 0.000000 0.021739
0.000000 0.086957 0.163043 0.750000
0.000000 0.000000 1.000000 0.000000
0.184783 0.326087 0.206522 0.282609
0.010870 0.086957 0.684783 0.217391
0.217391 0.500000 0.000000 0.282609
0.076087 0.293478 0.391304 0.239130